# Camera list with one line of data per camera:
#   CAMERA_ID, MODEL, WIDTH, HEIGHT, PARAMS[]
# Number of cameras: 8
1 OPENCV 1920 1080 924.32628331808598 916.19623322459245 960 540 0.0012784823168444461 0.00026146588679208481 -0.0019004099856459742 0.0040596101550367447
2 OPENCV 1920 1080 915.20414654021124 906.88494170739261 960 540 0.0026177446937340793 0.00078513477931787168 -0.0018317057823223071 7.767415583726173e-05
3 OPENCV 1920 1080 923.65162391064905 919.64957625443071 960 540 0.0069466617935771439 -0.0073500207605216089 -0.0021029083876989122 0.0025405229662552411
4 OPENCV 1920 1080 910.16193844001964 903.39061114861488 960 540 -0.00022041243703293311 0.0029982382479435158 -0.0012135078831598857 -0.0021209761435318935
5 OPENCV 1920 1080 915.38153088040247 911.08344845138913 960 540 0.0030070483673405608 -0.00076765569045139398 -0.00038430920969815581 -0.00049810398535911045
6 OPENCV 1920 1080 918.94965345234152 910.11397302055741 960 540 -0.0082038319708207554 0.0068639568838215655 -0.0011278934557875486 0.0060490666739408125
7 OPENCV 1920 1080 914.52376565669329 909.85263553571326 960 540 0.00077502473583979277 -0.00066109655224150482 0.0011823070840399775 0.0030827483340383063
8 OPENCV 1920 1080 913.32201774115856 911.23391533035908 960 540 0.0059002903795408613 -0.0045276650192967163 -0.0017956886361568834 -0.00046740464958507967
